Namespace(log_dir='log_prova1', model='pointnet_basic', num_point=1024, batch_size=4, dump_dir='dump_prova1', optimizer='adam', checkpoint='250')
---------------------
===FILE TEST: 0 ===
===FILE TEST: 1 ===
eval mean loss: 0.718050
eval accuracy: 86.831
eval avg class acc: 84.183

  airplane:	1.000
   bathtub:	0.860
       bed:	0.970
     bench:	0.650
 bookshelf:	0.900
    bottle:	0.940
      bowl:	1.000
       car:	0.980
     chair:	0.960
      cone:	0.900
       cup:	0.650
   curtain:	0.900
      desk:	0.779
      door:	0.800
   dresser:	0.640
flower_pot:	0.200
 glass_box:	0.940
    guitar:	1.000
  keyboard:	1.000
      lamp:	0.900
    laptop:	1.000
    mantel:	0.950
   monitor:	0.960
night_stand:	0.674
    person:	0.800
     piano:	0.850
     plant:	0.740
     radio:	0.700
range_hood:	0.860
      sink:	0.700
      sofa:	0.950
    stairs:	0.850
     stool:	0.850
     table:	0.790
      tent:	0.950
    toilet:	0.960
  tv_stand:	0.810
      vase:	0.760
  wardrobe:	0.700
      xbox:	0.850
---------------------
Time for Evaluating: 15.522271
