Namespace(log_dir='log_prova11', model='pointnet', num_point=1024, batch_size=4, dump_dir='dump_prova11_best_acc', optimizer='adam', checkpoint='237')
---------------------
===FILE TEST: 0 ===
===FILE TEST: 1 ===
eval mean loss: 0.397117
eval accuracy: 88.736
eval avg class acc: 84.527

  airplane:	1.000
   bathtub:	0.800
       bed:	0.980
     bench:	0.700
 bookshelf:	0.870
    bottle:	0.970
      bowl:	1.000
       car:	1.000
     chair:	0.980
      cone:	0.950
       cup:	0.650
   curtain:	0.850
      desk:	0.837
      door:	0.900
   dresser:	0.640
flower_pot:	0.050
 glass_box:	0.980
    guitar:	1.000
  keyboard:	1.000
      lamp:	0.850
    laptop:	1.000
    mantel:	0.940
   monitor:	0.960
night_stand:	0.744
    person:	0.900
     piano:	0.900
     plant:	0.830
     radio:	0.800
range_hood:	0.930
      sink:	0.700
      sofa:	0.970
    stairs:	0.900
     stool:	0.650
     table:	0.890
      tent:	0.950
    toilet:	0.990
  tv_stand:	0.830
      vase:	0.770
  wardrobe:	0.300
      xbox:	0.850
---------------------
Time for Evaluating: 18.403408
Loaded Model 237
