Namespace(log_dir='log_prova1', model='pointnet', num_point=1024, batch_size=4, dump_dir='dump_prova1_best_acc', optimizer='adam', checkpoint='166')
---------------------
===FILE TEST: 0 ===
===FILE TEST: 1 ===
eval mean loss: 0.726519
eval accuracy: 87.642
eval avg class acc: 84.190

  airplane:	1.000
   bathtub:	0.840
       bed:	0.960
     bench:	0.800
 bookshelf:	0.910
    bottle:	0.940
      bowl:	0.950
       car:	0.980
     chair:	0.980
      cone:	0.900
       cup:	0.600
   curtain:	0.800
      desk:	0.802
      door:	0.850
   dresser:	0.674
flower_pot:	0.100
 glass_box:	0.960
    guitar:	0.990
  keyboard:	1.000
      lamp:	0.950
    laptop:	1.000
    mantel:	0.940
   monitor:	0.970
night_stand:	0.709
    person:	0.900
     piano:	0.880
     plant:	0.740
     radio:	0.750
range_hood:	0.910
      sink:	0.650
      sofa:	0.970
    stairs:	0.850
     stool:	0.800
     table:	0.830
      tent:	0.950
    toilet:	0.960
  tv_stand:	0.780
      vase:	0.800
  wardrobe:	0.600
      xbox:	0.700
---------------------
Time for Evaluating: 17.268073
Loaded Model 166
