Namespace(log_dir='log_prova12', model='pointnet', num_point=1024, batch_size=4, dump_dir='dump_prova12_best_acc', optimizer='adam', checkpoint='227')
---------------------
===FILE TEST: 0 ===
===FILE TEST: 1 ===
eval mean loss: 0.404079
eval accuracy: 88.412
eval avg class acc: 85.045

  airplane:	1.000
   bathtub:	0.840
       bed:	0.990
     bench:	0.700
 bookshelf:	0.850
    bottle:	0.960
      bowl:	1.000
       car:	0.990
     chair:	0.960
      cone:	0.950
       cup:	0.600
   curtain:	0.850
      desk:	0.767
      door:	0.900
   dresser:	0.709
flower_pot:	0.150
 glass_box:	0.970
    guitar:	1.000
  keyboard:	1.000
      lamp:	0.900
    laptop:	1.000
    mantel:	0.940
   monitor:	0.950
night_stand:	0.651
    person:	0.850
     piano:	0.880
     plant:	0.790
     radio:	0.800
range_hood:	0.940
      sink:	0.700
      sofa:	0.960
    stairs:	0.900
     stool:	0.750
     table:	0.890
      tent:	0.950
    toilet:	0.990
  tv_stand:	0.820
      vase:	0.820
  wardrobe:	0.500
      xbox:	0.850
---------------------
Time for Evaluating: 17.338266
Loaded Model 227
