Namespace(log_dir='pointnet_250_1024/', model='pointnet', num_point=1024, batch_size=4, dump_dir='dump_pointnet_250_1024', optimizer='adam')
---------------------
===FILE TEST: 0 ===
===FILE TEST: 1 ===
eval mean loss: 0.559141
eval accuracy: 86.912
eval avg class acc: 83.703

  airplane:	1.000
   bathtub:	0.840
       bed:	0.950
     bench:	0.700
 bookshelf:	0.920
    bottle:	0.970
      bowl:	0.950
       car:	0.980
     chair:	0.970
      cone:	0.950
       cup:	0.550
   curtain:	0.900
      desk:	0.756
      door:	0.750
   dresser:	0.663
flower_pot:	0.350
 glass_box:	0.920
    guitar:	1.000
  keyboard:	1.000
      lamp:	0.900
    laptop:	1.000
    mantel:	0.950
   monitor:	0.960
night_stand:	0.663
    person:	0.850
     piano:	0.860
     plant:	0.750
     radio:	0.700
range_hood:	0.910
      sink:	0.700
      sofa:	0.960
    stairs:	0.750
     stool:	0.850
     table:	0.780
      tent:	0.950
    toilet:	0.970
  tv_stand:	0.770
      vase:	0.790
  wardrobe:	0.650
      xbox:	0.650
---------------------
Time for Evaluating: 32.721102
