Namespace(log_dir='log_prova9', model='pointnet', num_point=1024, batch_size=4, dump_dir='dump_prova9_best_acc', optimizer='adam', checkpoint='203')
---------------------
===FILE TEST: 0 ===
===FILE TEST: 1 ===
eval mean loss: 0.403870
eval accuracy: 88.736
eval avg class acc: 85.056

  airplane:	1.000
   bathtub:	0.880
       bed:	0.980
     bench:	0.700
 bookshelf:	0.870
    bottle:	0.970
      bowl:	1.000
       car:	0.970
     chair:	0.970
      cone:	0.900
       cup:	0.650
   curtain:	0.850
      desk:	0.814
      door:	0.900
   dresser:	0.721
flower_pot:	0.100
 glass_box:	0.970
    guitar:	1.000
  keyboard:	1.000
      lamp:	0.900
    laptop:	1.000
    mantel:	0.940
   monitor:	0.930
night_stand:	0.767
    person:	0.850
     piano:	0.870
     plant:	0.840
     radio:	0.750
range_hood:	0.900
      sink:	0.700
      sofa:	0.970
    stairs:	0.900
     stool:	0.800
     table:	0.850
      tent:	0.950
    toilet:	0.990
  tv_stand:	0.830
      vase:	0.790
  wardrobe:	0.350
      xbox:	0.900
---------------------
Time for Evaluating: 21.424914
Loaded Model 203
