Namespace(log_dir='log_prova4', model='pointnet_basic', num_point=1024, batch_size=4, dump_dir='dump_prova4', optimizer='adam', checkpoint='250')
---------------------
===FILE TEST: 0 ===
===FILE TEST: 1 ===
eval mean loss: 0.738793
eval accuracy: 86.669
eval avg class acc: 84.145

  airplane:	1.000
   bathtub:	0.840
       bed:	0.950
     bench:	0.700
 bookshelf:	0.940
    bottle:	0.940
      bowl:	1.000
       car:	0.990
     chair:	0.970
      cone:	0.950
       cup:	0.550
   curtain:	0.900
      desk:	0.791
      door:	0.800
   dresser:	0.628
flower_pot:	0.350
 glass_box:	0.940
    guitar:	1.000
  keyboard:	1.000
      lamp:	0.950
    laptop:	1.000
    mantel:	0.950
   monitor:	0.970
night_stand:	0.640
    person:	0.900
     piano:	0.860
     plant:	0.700
     radio:	0.650
range_hood:	0.870
      sink:	0.700
      sofa:	0.950
    stairs:	0.850
     stool:	0.800
     table:	0.790
      tent:	0.950
    toilet:	0.950
  tv_stand:	0.790
      vase:	0.750
  wardrobe:	0.700
      xbox:	0.700
---------------------
Time for Evaluating: 15.963604
Loaded Model 250
