Namespace(log_dir='log_prova1', model='pointnet_basic', num_point=1024, batch_size=4, dump_dir='dump_prova1', optimizer='adam', checkpoint='250')
---------------------
===FILE TEST: 0 ===
===FILE TEST: 1 ===
eval mean loss: 0.729958
eval accuracy: 86.629
eval avg class acc: 84.333

  airplane:	1.000
   bathtub:	0.840
       bed:	0.950
     bench:	0.750
 bookshelf:	0.900
    bottle:	0.950
      bowl:	1.000
       car:	0.980
     chair:	0.960
      cone:	0.950
       cup:	0.600
   curtain:	0.900
      desk:	0.779
      door:	0.800
   dresser:	0.674
flower_pot:	0.250
 glass_box:	0.940
    guitar:	1.000
  keyboard:	1.000
      lamp:	0.950
    laptop:	1.000
    mantel:	0.950
   monitor:	0.960
night_stand:	0.640
    person:	0.900
     piano:	0.850
     plant:	0.740
     radio:	0.650
range_hood:	0.860
      sink:	0.700
      sofa:	0.950
    stairs:	0.800
     stool:	0.850
     table:	0.750
      tent:	0.950
    toilet:	0.940
  tv_stand:	0.790
      vase:	0.780
  wardrobe:	0.700
      xbox:	0.800
---------------------
Time for Evaluating: 15.846695
Loaded Model 250
