Namespace(log_dir='log_prova10', model='pointnet', num_point=1024, batch_size=4, dump_dir='dump_prova10_best_acc', optimizer='adam', checkpoint='246')
---------------------
===FILE TEST: 0 ===
===FILE TEST: 1 ===
eval mean loss: 0.408078
eval accuracy: 88.331
eval avg class acc: 84.436

  airplane:	1.000
   bathtub:	0.860
       bed:	0.960
     bench:	0.700
 bookshelf:	0.860
    bottle:	0.960
      bowl:	1.000
       car:	0.980
     chair:	0.970
      cone:	0.950
       cup:	0.600
   curtain:	0.850
      desk:	0.779
      door:	0.850
   dresser:	0.640
flower_pot:	0.100
 glass_box:	0.970
    guitar:	1.000
  keyboard:	1.000
      lamp:	0.950
    laptop:	1.000
    mantel:	0.950
   monitor:	0.950
night_stand:	0.756
    person:	0.850
     piano:	0.870
     plant:	0.840
     radio:	0.800
range_hood:	0.920
      sink:	0.750
      sofa:	0.980
    stairs:	0.900
     stool:	0.600
     table:	0.900
      tent:	0.950
    toilet:	0.960
  tv_stand:	0.810
      vase:	0.810
  wardrobe:	0.300
      xbox:	0.900
---------------------
Time for Evaluating: 18.686770
Loaded Model 246
