Namespace(batch_size=4, dump_dir='dump', gpu=0, model='pointnet_cls', model_path='log/model.ckpt', num_point=1024, visu=False)
Model restored.
----0----
----1----
eval mean loss: 0.516870
eval accuracy: 0.843598
eval avg class acc: 0.815308
  airplane:	1.000
   bathtub:	0.840
       bed:	0.820
     bench:	0.600
 bookshelf:	0.960
    bottle:	0.960
      bowl:	0.900
       car:	0.970
     chair:	0.960
      cone:	0.900
       cup:	0.400
   curtain:	0.800
      desk:	0.698
      door:	0.950
   dresser:	0.523
flower_pot:	0.100
 glass_box:	0.800
    guitar:	1.000
  keyboard:	1.000
      lamp:	0.950
    laptop:	1.000
    mantel:	0.940
   monitor:	0.920
night_stand:	0.581
    person:	0.950
     piano:	0.810
     plant:	0.730
     radio:	0.700
range_hood:	0.890
      sink:	0.750
      sofa:	0.910
    stairs:	0.850
     stool:	0.800
     table:	0.880
      tent:	0.950
    toilet:	0.940
  tv_stand:	0.840
      vase:	0.740
  wardrobe:	0.700
      xbox:	0.600
