Namespace(log_dir='log_prova6', model='pointnet', num_point=1024, batch_size=4, dump_dir='dump_prova6_best_acc', optimizer='adam', checkpoint='214')
---------------------
===FILE TEST: 0 ===
===FILE TEST: 1 ===
eval mean loss: 0.412318
eval accuracy: 88.006
eval avg class acc: 83.853

  airplane:	1.000
   bathtub:	0.820
       bed:	0.970
     bench:	0.700
 bookshelf:	0.890
    bottle:	0.950
      bowl:	1.000
       car:	0.990
     chair:	0.980
      cone:	0.900
       cup:	0.500
   curtain:	0.900
      desk:	0.756
      door:	0.850
   dresser:	0.570
flower_pot:	0.150
 glass_box:	0.980
    guitar:	1.000
  keyboard:	1.000
      lamp:	0.800
    laptop:	1.000
    mantel:	0.940
   monitor:	0.930
night_stand:	0.756
    person:	0.950
     piano:	0.880
     plant:	0.800
     radio:	0.550
range_hood:	0.910
      sink:	0.700
      sofa:	0.970
    stairs:	0.850
     stool:	0.750
     table:	0.880
      tent:	0.950
    toilet:	0.970
  tv_stand:	0.870
      vase:	0.830
  wardrobe:	0.450
      xbox:	0.900
---------------------
Time for Evaluating: 22.556250
Loaded Model 214
