Namespace(log_dir='log_prova7', model='pointnet', num_point=1024, batch_size=4, dump_dir='dump_prova7_best_acc', optimizer='adam', checkpoint='247')
---------------------
===FILE TEST: 0 ===
===FILE TEST: 1 ===
eval mean loss: 0.523147
eval accuracy: 84.643
eval avg class acc: 80.401

  airplane:	0.990
   bathtub:	0.820
       bed:	0.980
     bench:	0.700
 bookshelf:	0.920
    bottle:	0.950
      bowl:	1.000
       car:	0.970
     chair:	0.960
      cone:	0.950
       cup:	0.500
   curtain:	0.850
      desk:	0.860
      door:	0.900
   dresser:	0.593
flower_pot:	0.050
 glass_box:	0.900
    guitar:	0.980
  keyboard:	1.000
      lamp:	0.850
    laptop:	1.000
    mantel:	0.940
   monitor:	0.890
night_stand:	0.407
    person:	0.850
     piano:	0.860
     plant:	0.860
     radio:	0.550
range_hood:	0.760
      sink:	0.700
      sofa:	0.920
    stairs:	0.850
     stool:	0.550
     table:	0.850
      tent:	0.950
    toilet:	0.970
  tv_stand:	0.800
      vase:	0.730
  wardrobe:	0.350
      xbox:	0.650
---------------------
Time for Evaluating: 18.800115
Loaded Model 247
