Namespace(gpu=0, model='pointnet_cls_basic', batch_size=4, num_point=1024, model_path='tf_basic_250_1024/model.ckpt', dump_dir='dump_tf_basic_250_1024', visu=False)
Model restored.
----0----
----1----
eval mean loss: 0.712526
eval accuracy: 0.873177
eval avg class acc: 0.843907
  airplane:	1.000
   bathtub:	0.860
       bed:	0.970
     bench:	0.700
 bookshelf:	0.910
    bottle:	0.950
      bowl:	1.000
       car:	0.990
     chair:	0.970
      cone:	0.900
       cup:	0.600
   curtain:	0.900
      desk:	0.802
      door:	0.750
   dresser:	0.674
flower_pot:	0.350
 glass_box:	0.940
    guitar:	1.000
  keyboard:	1.000
      lamp:	0.900
    laptop:	1.000
    mantel:	0.950
   monitor:	0.960
night_stand:	0.640
    person:	0.900
     piano:	0.870
     plant:	0.710
     radio:	0.700
range_hood:	0.900
      sink:	0.650
      sofa:	0.950
    stairs:	0.800
     stool:	0.800
     table:	0.800
      tent:	0.950
    toilet:	0.970
  tv_stand:	0.830
      vase:	0.760
  wardrobe:	0.700
      xbox:	0.750
