Namespace(log_dir='log_prova14', model='pointnet', num_point=1024, batch_size=4, dump_dir='dump_prova14_best_acc', optimizer='adam', checkpoint='246')
---------------------
===FILE TEST: 0 ===
===FILE TEST: 1 ===
eval mean loss: 0.388915
eval accuracy: 88.938
eval avg class acc: 85.373

  airplane:	1.000
   bathtub:	0.880
       bed:	0.990
     bench:	0.700
 bookshelf:	0.870
    bottle:	0.950
      bowl:	1.000
       car:	0.990
     chair:	0.980
      cone:	0.950
       cup:	0.600
   curtain:	0.850
      desk:	0.779
      door:	0.900
   dresser:	0.674
flower_pot:	0.150
 glass_box:	0.970
    guitar:	1.000
  keyboard:	1.000
      lamp:	0.900
    laptop:	1.000
    mantel:	0.930
   monitor:	0.970
night_stand:	0.826
    person:	0.900
     piano:	0.830
     plant:	0.810
     radio:	0.800
range_hood:	0.960
      sink:	0.750
      sofa:	0.960
    stairs:	0.900
     stool:	0.750
     table:	0.880
      tent:	0.950
    toilet:	0.990
  tv_stand:	0.820
      vase:	0.790
  wardrobe:	0.350
      xbox:	0.850
---------------------
Time for Evaluating: 17.602134
Loaded Model 246
