Namespace(log_dir='log_prova2', model='pointnet_basic', num_point=1024, batch_size=4, dump_dir='dump_prova2', optimizer='adam', checkpoint='250')
---------------------
===FILE TEST: 0 ===
===FILE TEST: 1 ===
eval mean loss: 0.718580
eval accuracy: 86.912
eval avg class acc: 84.699

  airplane:	1.000
   bathtub:	0.840
       bed:	0.960
     bench:	0.750
 bookshelf:	0.900
    bottle:	0.940
      bowl:	1.000
       car:	0.970
     chair:	0.970
      cone:	0.950
       cup:	0.750
   curtain:	0.900
      desk:	0.767
      door:	0.750
   dresser:	0.628
flower_pot:	0.250
 glass_box:	0.930
    guitar:	1.000
  keyboard:	1.000
      lamp:	0.900
    laptop:	1.000
    mantel:	0.950
   monitor:	0.970
night_stand:	0.674
    person:	0.900
     piano:	0.870
     plant:	0.710
     radio:	0.650
range_hood:	0.900
      sink:	0.750
      sofa:	0.940
    stairs:	0.900
     stool:	0.750
     table:	0.810
      tent:	0.950
    toilet:	0.970
  tv_stand:	0.790
      vase:	0.740
  wardrobe:	0.700
      xbox:	0.800
---------------------
Time for Evaluating: 19.901430
Loaded Model 250
