Namespace(log_dir='log_prova13', model='pointnet', num_point=1024, batch_size=4, dump_dir='dump_prova13_best_acc', optimizer='adam', checkpoint='236')
---------------------
===FILE TEST: 0 ===
===FILE TEST: 1 ===
eval mean loss: 0.404073
eval accuracy: 88.493
eval avg class acc: 84.302

  airplane:	1.000
   bathtub:	0.820
       bed:	0.980
     bench:	0.650
 bookshelf:	0.940
    bottle:	0.960
      bowl:	0.950
       car:	1.000
     chair:	0.980
      cone:	0.950
       cup:	0.650
   curtain:	0.800
      desk:	0.814
      door:	0.900
   dresser:	0.698
flower_pot:	0.100
 glass_box:	0.930
    guitar:	1.000
  keyboard:	1.000
      lamp:	0.900
    laptop:	1.000
    mantel:	0.950
   monitor:	0.930
night_stand:	0.709
    person:	0.900
     piano:	0.890
     plant:	0.770
     radio:	0.750
range_hood:	0.930
      sink:	0.700
      sofa:	0.970
    stairs:	0.800
     stool:	0.700
     table:	0.860
      tent:	0.950
    toilet:	0.980
  tv_stand:	0.830
      vase:	0.830
  wardrobe:	0.450
      xbox:	0.800
---------------------
Time for Evaluating: 16.894217
Loaded Model 236
